0
0
0
0
0
0
0
0
0
0
0
0
0
0
0
0
0
0
0
0
0
0
0
0
0
0
0
0
0
0
0
0
0
0
0
0
0
0
0
0
0
0
0
0
0
0
0
0
0
0
0
0
0
0
0
0
0
0
0
0
0
0
0
0
0
0
0
0
0
0
0
0
0
0
0
0
0
0
0
0
0
0
0
0
0
0
0
0
0
0
0
0
0
0
0
0
0
0
0
0
0
0
0
0
0
0
0
0
0
0
0
0
0
0
0
0
0
0
0
0
0
0
0
0
0
0
0
0
0
0
0
0
0
0
0
0
0
0
0
0
0
0
0
0
0
0
0
0
0
0
0
0
0
0
0
0
0
0
0
0
0
0
0
0
0
0
0
0
0
0
0
0
0
0
0
0
0
0
0
0
0
0
0
0
0
0
0
0
0
0
0
0
0
0
0
0
0
0
0
0
0
141.673
399.666
232.636
283.91
341.829
278.177
378.686
307.699
345.329
294.114
311.192
573.664
440.78
458.933
443.247
405.462
505.748
664.05
518.84
746.248
647.05
595.434
558.15
419.116
542.444
662.665
538.331
694.254
620.888
689.821
907.535
579.578
527.238
592.326
654.939
587.097
339.998
1027.86
814.146
874.09
569.531
727.812
765.719
1059.04
851.53
1172.61
914.977
1320.24
1178.81
852.029
1172.47
1946.97
1168.94
1012.24
1171.93
832.628
248.3
0
0
0
0
0
0
0
0
105.976
333.162
301.415
261.999
258.612
297.706
243.014
339.074
293.665
261.638
410.013
488.467
378.155
394.015
477.286
388.087
619.966
437.35
450.295
421.037
607.168
515.344
375.89
437.357
691.993
425.062
607.146
382.062
380.772
725.825
596.809
451.648
513.965
583.901
724.865
445.721
770.526
725.551
731.666
477.187
498.136
557.997
969.876
727.192
1139.22
1314.07
1332.06
1183.21
841.958
1149.01
1919.34
1178.83
953.119
1081.81
907.559
273.845
0
0
0
0
0
0
0
0
0
152.195
375.356
326.614
353.619
305.498
258.138
308.926
341.403
395.057
434.228
572.567
485.818
373.007
385.782
382.012
474.961
527.087
470.404
558.881
496.866
719.351
563.722
581.609
459.681
746.512
490.476
580.22
307.146
478.977
618.121
660.097
516.036
730.583
860.424
857.943
556.444
908.489
1092.42
815.003
632.511
959.887
875.334
979.362
1123.13
1613.84
1788.19
1362.68
1769.14
1591.37
2007.33
2368.64
1310.39
1423.54
1169.57
907.559
273.845
0
0
0
0
0
0
0
0
0
237.672
409.156
313.727
366.457
248.327
321.245
388.632
422.04
384.862
604.911
512.462
494.94
366.359
289.879
496.342
516.696
598.527
547.304
527.242
429.136
553.524
782.565
457.337
662.731
805.497
550.487
589.932
566.2
594.678
738.138
656.981
774.276
714.257
925.642
1070.44
734.036
999.008
1002.84
910.582
819.629
870.585
1003.28
1279.37
1359.21
1986.07
1878.95
2074.88
2134.02
2509.42
2386.48
2438.78
1547.9
1486.79
1169.57
907.559
273.845
0
0
0
0
0
0
0
0
0
317.133
345.893
232.431
323.19
266.71
356.434
289.406
323.259
439.622
454.296
469.957
390.719
316.246
410.157
540.395
559.994
400.474
456.714
423.146
497.274
643.466
498.511
490.655
681.047
640.863
547.256
519.663
567.447
599.696
625.503
677.123
651.379
757
917.252
927.24
836.174
908.499
884.303
858.211
868.813
1087.5
1158.64
1397.74
2063.06
1815.84
2002.03
1926.73
2506.8
2487.75
2245.23
1673.54
1399.34
1028.95
871.669
298.182
0
0
0
0
0
0
0
0
0
0
213.881
171.046
335.715
261.118
188.638
277.29
452.644
399.71
346.208
453.995
453.194
368.293
347.112
398.616
345.573
412.966
411.991
400.226
481.517
611.973
395.495
394.25
368.902
646.38
544.367
320.943
578.73
763.161
605.81
692.916
554.822
688.506
718.751
923.631
676.582
815.508
822.983
779.713
818.414
993.701
1181.92
1193.54
1845.12
1302.29
1794.49
1685.25
2387.78
2452.2
2250.39
1695.86
1244.92
998.035
826.9
273.062
0
0
0
0
0
0
0
0
0
0
0
147.095
275.169
330.426
265.735
241.431
448.654
483.364
467.542
404.344
531.29
430.619
478.493
392.056
414.914
405.418
395.001
456.588
478.029
622.699
691.456
483.188
581.344
554.565
634.818
529.087
579.46
698.567
738.492
848.515
645.602
558.697
770.519
846.538
965.309
750.141
930.626
1073.92
808.541
1142.83
1068.96
1280.25
1523.2
2056.32
1482.85
1691.64
2961.37
2711.68
2573.57
2248.14
1633.51
1244.92
998.035
826.9
273.062
0
0
0
0
0
0
0
0
0
0
0
318.646
245.777
362.001
266.864
497.12
421.09
415.55
420.054
391.815
448.385
493.618
479.686
311.388
341.773
462.04
444.486
573.524
405.776
590.36
600.321
486.865
581.744
404.781
632.364
688.169
500.405
611.754
1010.66
889.023
585.022
856.213
908.414
1002.14
1021.77
842.901
889.081
1157.52
1009.58
1158.47
1117.08
1781.44
1717.04
2045.91
1495.08
3155.37
3118.77
2914.33
2449.21
2226.64
1633.51
1244.92
998.035
826.9
273.062
0
0
0
0
0
0
0
0
0
0
0
253.862
239.34
334.93
460.801
465.434
435.158
451.365
516.246
405.57
564.846
550.298
477.641
365.933
396.844
523.944
510.09
470.049
468.555
688.012
658.219
524.038
679.571
450.963
787.397
751.369
467.829
957.431
788.28
865.536
924.556
769.753
977.825
1103.83
1119.24
861.34
862.59
1334.31
1175.72
1259.72
1441.38
1944.54
1811.82
2255.72
2256.92
3105.98
3227.19
2771.75
2521.1
2226.64
1633.51
1244.92
998.035
826.9
273.062
0
0
0
0
0
0
0
0
0
0
0
341.625
290.277
513.766
399.789
455.712
443.897
468.623
438.176
482.438
551.086
511.917
509.577
432.812
433.18
489.495
433.865
555.701
411.063
595.158
603.561
476.577
523.009
397.434
786.709
610.245
626.664
796.485
722.792
1030.99
736.303
980.108
1048.31
1200.67
1102.41
887.597
984.688
1486.7
1288.39
1563.39
1512.59
2130.98
2004.93
2740.34
2468.88
3184.33
3060.08
3049.41
2521.1
2226.64
1633.51
1244.92
998.035
826.9
273.062
0
0
0
0
0
0
0
0
0
0
0
0
0
0
0
0
0
0
0
0
0
0
0
0
0
0
0
0
0
0
0
0
0
0
0
0
0
0
0
0
0
0
0
0
0
0
0
0
0
0
0
0
0
0
0
0
0
0
0
0
0
0
0
0
0
0
0
0
0
0
0
0
0
0
0
0
0
0
0
0
0
0
0
0
0
0
0
0
0
0
0
0
0
0
0
0
0
0
0
0
0
0
0
0
0
0
0
0
0
0
0
0
0
0
0
0
0
0
0
0
0
0
0
0
0
0
0
0
0
0
0
0
0
0
0
0
0
0
0
0
0
0
0
0
0
0
0
0
0
0
0
0
0
0
0
0
0
0
0
0
0
0
0
0
0
0
0
0
0
0
0
0
0
0
0
0
0
0
0
0
0
0
0
0
0
0
0
0
0
0
0
0
0
0
0
0
0
0
0
0
0
0
0
0
0
0
0
0
0
0
0
0
0
0
0
0
0
0
0
0
0
0
0
0
0
0
0
0
0
0
0
0
0
0
0
0
0
0
0
0
0
0
0
0
0
0
0
0
0
0
0
0
0
0
0
0
0
0
0
0
0
0
0
0
0
0
0
0
0
0
0
0
0
0
0
0
0
0
0
0
0
0
0
0
0
0
0
0
0
0
0
0
0
0
0
0
0
0
0
0
0
0
0
0
0
0
0
0
0
0
0
0
0
0
0
0
0
0
0
0
0
0
0
0
0
0
0
0
0
0
0
0
0
0
0
0
0
0
0
0
0
0
0
0
0
0
0
0
0
0
0
0
0
0
0
0
0
0
0
0
0
0
0
0
0
0
0
0
0
0
0
0
0
0
0
0
0
0
0
0
0
0
0
0
0
0
0
0
0
0
0
0
0
0
0
0
0
0
0
0
0
0
0
0
0
0
0
0
0
0
0
0
0
0
0
0
0
0
0
0
0
0
0
0
0
0
0
0
0
0
0
0
0
0
0
0
0
0
0
0
0
0
0
0
0
0
0
0
0
0
0
0
0
0
0
0
0
0
0
0
0
0
0
0
0
0
0
0
0
0
0
0
0
0
0
0
0
0
0
0
0
0
0
0
0
0
0
0
0
0
0
0
0
0
0
0
0
0
0
0
0
0
0
0
0
0
0
0
0
0
0
0
0
0
0
0
0
0
0
0
0
0
0
0
0
0
0
0
0
0
0
0
0
0
0
0
0
0
0
0
0
0
0
0
0
0
0
0
0
0
0
0
0
0
0
0
0
0
0
0
0
0
0
0
0
0
0
0
0
0
0
0
0
0
0
0
0
0
0
0
0
0
0
0
0
0
0
0
0
0
0
0
0
0
0
0
0
0
0
0
0
0
0
0
0
0
0
0
0
0
0
0
0
0
0
0
0
0
0
0
0
0
0
0
0
0
0
0
0
0
0
0
0
0
0
0
0
0
0
0
0
0
0
0
0
0
0
0
0
0
0
0
0
0
0
0
0
0
0
0
297
23.8
-22.2667
-232.2
68.7333
-126.533
299
233.467
190.933
272.667
-19.4667
58.7333
83.0667
489.8
-153.533
244.467
105.733
365
126.4
-120.867
31.2
441.267
-71.3333
136.733
274.533
52.1333
24.5333
-147.933
227.267
-275.467
226.8
64
30.5333
-17.3333
-174.6
-162.133
214.667
164.533
-245.8
65.4
144.533
183.667
204.867
-336.6
126.6
-141.733
609.4
170.933
67
140.4
-150
13.7333
397.2
-417.667
254.267
-223.533
-78.6
140
0
0
0
0
0
0
0
-223
-108.333
-56.2667
-220.067
-21.7333
-259.4
-141.6
-163.667
-70.0667
101.867
42.3333
31.5333
-351.933
85.8
-171.867
-2.13333
-142.067
-52.8
210.533
8.73333
-254.133
-6.66667
-49.9333
-32.7333
52.6667
50.7333
290.8
-295.267
93.8667
-22.8667
-18.7333
-74.7333
-73.4667
18.8
194.733
68.2
31.9333
501.067
-94.8
-151.133
139.467
56.4667
576.067
-151.133
107.933
-425.667
195.4
139.2
-126.333
83.9333
55
-383.067
408.933
-92.4667
246.067
-75
-43.6
0
0
0
0
0
0
0
0
857
665.2
487.2
203.533
368.333
415.2
791.933
765.133
801.4
880.4
777.8
1085.73
729
1124.47
767.733
1172.33
1191.53
1135.67
1250.8
1199.6
862.8
1251.07
1145.53
1203.93
1253
1050.93
1298.6
796.267
1279.2
1020.07
1044.67
981.667
1110.27
909.667
828.933
525.867
507
836.333
412.533
203.2
398.4
176.267
508.133
-234.133
554.8
-353.133
61.3333
-107.4
-167.267
-114.733
152.533
-563.467
394.2
-182.867
198.667
-75
-43.6
0
0
0
0
0
0
0
0
-14
148.867
160.8
-274.4
-379.133
-438.4
-101.533
-88.8667
45.1333
129.267
-277.733
63.1333
-354.533
57
-332.8
-84.8667
19.6667
-78.4
32.0667
196.733
-220.533
-124
-68.8667
-46.1333
220.933
-279.8
267
-299.733
340.067
-124.267
120.333
-182.333
251.6
-9.13333
239.467
178.933
99.3333
203.333
-4
-40.1333
263.6
68.6667
598.4
-589.267
577.267
-586.333
339.6
-87
23.5333
-667.4
451.067
-417.6
492.067
-57.2667
198.667
-75
-43.6
0
0
0
0
0
0
0
0
-5
-112.133
222.4
152.533
56.0667
75.8667
220
59.4
-94.5333
315.533
-14.8
331.533
-52.7333
296.467
-49.7333
141.6
116.2
-52.4
-51.2
247.267
73.6667
95.1333
164.533
-140.533
302.467
-248.733
346.667
-304.733
251.267
0.866667
181.267
-381.933
137.733
-176.067
-39.5333
-259.467
-125.133
-69.9333
45.4667
-314.6
-71.2
-101.667
449.933
-592.8
910.733
-256.933
223.733
-587.4
513.133
-388.133
961.6
-36
341.667
88.0667
42.2667
82
0
0
0
0
0
0
0
0
0
266
-415.8
-105.2
-79.4667
-266.533
-300.533
-35.3333
-114.267
-328.467
51.4
-332
0.333333
-331.867
-34.8667
-328
-121.4
-18.5333
68.2
-170.133
-27.2667
-104.867
-132.133
-35.7333
-152.733
108.467
-348.467
79.6
-265.4
177.533
-146.8
252.667
-88.1333
357.467
-111.933
176.933
-40.9333
135.933
-37.2667
316.467
-90.3333
37.8667
-272.2
582.4
-621.6
583.4
-467.467
357.333
-948.2
437.533
-676.333
118.133
39.7333
32.5333
35.2
-47.4
0
0
0
0
0
0
0
0
0
0
877
215.067
820.6
737.933
681.533
476.933
798
854.133
674.133
1118
763.333
1073.93
744.667
1078.53
823.8
961.333
1024.6
1110.6
1045.07
1010.8
949.267
1083.93
1071.33
837.067
1069.47
658.333
958.867
612.333
1099.6
588.333
814.533
416.2
892.8
262.533
457.133
165
303.467
37.3333
210.8
-137
86.9333
-367.2
462.267
-901.8
484.467
-724.8
621
-1220.13
223.667
-563
110.8
39.7333
32.5333
35.2
-47.4
0
0
0
0
0
0
0
0
0
0
179
-546.2
-55.2667
-171.267
-219.667
-232.2
-133.533
-209.333
-420.533
81.2667
-322.2
59.8667
-410.2
38.4667
-219.4
-102.867
-37.2
-72.0667
-114.533
-51
-119.467
-115.4
16.9333
-76.4667
206.933
-273.2
81.4
-308.8
259.2
-228.4
276.6
-32.2667
421.867
-229.6
328.333
67
154
-330.333
126.4
-164.6
137.6
-516.533
860.6
-887.2
612.067
-1319.87
870.067
-751.867
220.867
-499.867
110.8
39.7333
32.5333
35.2
-47.4
0
0
0
0
0
0
0
0
0
0
1007
348.2
922.067
687.933
721.8
718.667
893.733
866.267
685.533
1063.47
704.733
1090.73
756.8
1071.13
793.8
957.733
1067.87
1078.27
992.733
990.733
888.733
861.667
934.8
721.067
962.8
535.133
983.333
530.333
788.333
377.933
773.733
364.333
774.133
34.6
385.733
193.333
135.933
-198.133
168.467
-118.267
-264.067
-902.867
798.133
-930.133
445.8
-1654.27
438.133
-971.733
27.9333
-499.867
110.8
39.7333
32.5333
35.2
-47.4
0
0
0
0
0
0
0
0
0
0
275
-509.533
-33.4
-29.7333
-354.467
-292.933
-139.733
-176
-339.667
82.6
-367.533
80.6667
-299
123.933
-248.067
-192.267
-19.8667
19.6
-96.4667
21.0667
-56.1333
-17.2
178.067
-168.533
162.2
-274.867
157.133
-222.467
186.267
-232.667
395.133
-103.667
397.4
-209.2
238.4
-87
-9.66667
-363.2
133.067
-254.933
-74.5333
-735.733
834.733
-881.8
907.667
-1366.53
610.733
-749
27.9333
-499.867
110.8
39.7333
32.5333
35.2
-47.4
0
0
0
0
0
0
0
0
0
0
0
0
0
0
0
0
0
0
0
0
0
0
0
0
0
0
0
0
0
0
0
0
0
0
0
0
0
0
0
0
0
0
0
0
0
0
0
0
0
0
0
0
0
0
0
0
0
0
0
0
0
0
0
0
0
0
0
0
0
0
0
0
0
0
0
0
0
0
0
0
0
0
0
0
0
0
0
0
0
0
0
0
0
0
0
0
0
0
0
0
0
0
0
0
0
0
0
0
0
0
0
0
0
0
0
0
0
0
0
0
0
0
0
0
0
0
0
0
0
0
0
0
0
0
0
0
0
0
0
0
0
0
0
0
0
0
0
0
0
0
0
0
0
0
0
0
0
0
0
0
0
0
0
0
0
0
0
0
0
0
0
0
0
0
0
0
0
0
0
0
0
0
0
0
0
0
0
0
0
0
0
0
0
0
0
0
0
0
0
0
0
0
0
0
0
0
0
0
0
0
0
0
0
0
0
0
0
0
0
0
0
0
0
0
0
0
0
0
0
0
0
0
0
0
0
0
0
0
0
0
0
0
0
0
0
0
0
0
0
0
0
0
0
0
0
0
0
0
0
0
0
0
0
0
0
0
0
0
0
0
0
0
0
0
0
0
0
0
0
0
0
0
0
0
0
0
0
0
0
0
0
0
0
0
0
0
0
0
0
0
0
0
0
0
0
0
0
0
0
0
0
0
0
0
0
0
0
0
0
0
0
0
0
0
0
0
0
0
0
0
0
0
0
0
0
0
0
0
0
0
0
0
0
0
0
0
0
0
0
0
0
0
0
0
0
0
0
0
0
0
0
0
0
0
0
0
0
0
0
0
0
0
0
0
0
0
0
0
0
0
0
0
0
0
0
0
0
0
0
0
0
0
0
0
0
0
0
0
0
0
0
0
0
0
0
0
0
0
0
0
0
0
0
0
0
0
0
0
0
0
0
0
0
0
0
0
0
0
0
0
0
0
0
0
0
0
0
0
0
0
0
0
0
0
0
0
0
0
0
0
0
0
0
0
0
0
0
0
0
0